# Created by Octave 4.0.0, Mon Feb 01 18:31:18 2016 CET <shashwat@bluelagoon>
# name: t
# type: matrix
# rows: 21
# columns: 4
Arizona 1 1.478961002764459 1.056814170652422 1.505251148433086
California 1 1.416002098209497 1.059714785870079 1.439081842553017
Connecticut 1 1.497049781359374 1.039229923846744 1.526685152068745
Illinois 1 1.260277946374022 1.038157272421225 1.280175982978611
NewJersey 1 1.458463217411104 1.044013097064121 1.486880462203096
Ohio 1 1.426105821213597 1.041221190987196 1.452759738708177
Oklahoma 1 1.251593366801096 1.052688529493718 1.26979752144774
Pennsylvania 1 1.433602796340344 1.057575032259362 1.46123818023211
Gauteng 1 1.666369707596732 1.070194439544911 1.688340686298453
Tennessee 1 2.047992802448741 1.013095246246371 2.08421313731879
Texas 1 1.440380225034673 1.030444511633817 1.465377949204059
#Singapore 1 2.05751726496581 0.8870454677835047 2.077308536530748
#Dublin 1 1.758447704859206 0.8849021244384575 1.793803339618345
#JakartaRay 1 1.788396446252192 0.8436191035880598 1.819817668799196
#JervisBay 1 1.815821279420786 0.9854945936382229 1.85551817054643
#KualaLampur 1 2.132050800333395 0.8979377569957225 2.16009993581025
#Manila 1 1.657950418579248 0.9183717152988171 1.678563489226813
#NewHampshire 1 1.40832677796589 0.967395920994498 1.436869714120069
#Pasay 1 2.295627439419734 0.8396616837502575 2.331004480708703
#Putrajaya 1 2.115760877129532 0.9045473957972967 2.141709995670944
Average 1 1.319847384480726 1.041785226670991 1.341189474245807
